3 6 6 10 9
135.2, 145.68, 159.37, 144.98, 169.92, 115.84
36.4, 32.83, 33.38, 29.12, 32.75, 30.76
10.47, 17.79, 18.37, 11.67, 12.72, 12.2
44.16, 27.29, 11.81, 42.6, 47.12, 33.61
36.4, 39.09, 25.29, 27.3, 34.35, 33.77
3.94, 3.47, 5.22, 5.74, 5, 3.85
116.22, 153.11, 144.92, 140.54, 140.65, 164.02, 139.08, 137.8, 121.67, 123.24
29.57, 23.09, 21.26, 21.59, 28.26, 24.74, 18.47, 20.74, 21.53, 38
13.24, 15.62, 16.92, 17.64, 12.35, 13.63, 14.68, 11.07, 12.58, 13.72
13.76, 23.54, 19.52, 19.19, 18.53, 22.2, 13.41, 17.74, 14.49, 4.64
21.75, 18.18, 21.75, 15.97, 20.95, 18.06, 20.66, 16.49, 12.18, 17.77
6.04, 6.39, 6.73, 4.94, 6.23, 6.04, 3.85, 4.39, 4.57, 5.75
95.21, 104.78, 128.41, 101.18, 124.27, 106.02, 95.65, 107.12, 113.74
22.83, 25.11, 27.63, 23.26, 19.81, 20.56, 16.82, 16.45, 24.11
9.3, 6.46, 8.94, 8.46, 8.89, 10.94, 5.7, 8.98, 6.46
22.44, 9.89, 12.58, 20.2, 14.22, 10.11, 6.03, 5.4, 9.61
22.81, 18.17, 23.99, 20.5, 15.53, 18, 12.36, 8.78, 22.92
2.8, 3.25, 3.27, 4.3, 3.03, 3.29, 4.49, 5.93, 2.53